0.8103524003 , 0.4607832834
0.8218006188 , 0.4261466667
0.8352689528 , 0.3688452893
0.7783917895 , 0.3721514057
0.7615208871 , 0.458692969
0.7527584116 , 0.4874050158
0.7541945883 , 0.4942873449
0.7119415927 , 0.4747883126
0.7110727456 , 0.4480714586
0.6844348217 , 0.4156419027
0.6445075682 , 0.4507741716
0.6357641619 , 0.4131844437
0.5884552712 , 0.3653508967
0.6094965328 , 0.3722563527
0.6918439817 , 0.3881979158
0.6805994686 , 0.3652898284
0.7249665217 , 0.3041822586
0.6959739293 , 0.2338304488
0.6715484418 , 0.2545592628
0.6424505225 , 0.3034554991
0.6329354954 , 0.2526827283
0.5846398243 , 0.2411755697
0.4333096475 , 0.2124180427
0.4534107686 , 0.2960480136
0.4308068284 , 0.4099257874
0.4559036733 , 0.4068828595
0.5062042212 , 0.4306712651
0.507177985 , 0.4646900638
0.4264428636 , 0.4553368313
0.437332134 , 0.4689266349
0.4292654472 , 0.5313115225
0.4525202105 , 0.5535880176
0.4511950898 , 0.5641099818
0.4503009717 , 0.5745498122
0.4378000523 , 0.6106233488
0.4400369504 , 0.6125694851
0.4281615896 , 0.6431660525
0.4455137963 , 0.6352448001
0.5280259305 , 0.6653903186
0.6659310677 , 0.6864484538
0.6301788327 , 0.7551938229
0.651080564 , 0.7743451655
0.6643704319 , 0.7896023485
0.6662155416 , 0.752652699
0.6789651009 , 0.7503738886
0.7155374329 , 0.7484453222
0.7146618505 , 0.654370433
0.7110386038 , 0.6072228642
0.7288384446 , 0.5877377394
0.7370044481 , 0.6361096011
0.7468713651 , 0.6670335111
0.7545804092 , 0.7010249052
0.7757481079 , 0.7492614429
0.796167612 , 0.8073140969
0.7694386955 , 0.833912305
0.7810090155 , 0.8553205365
0.7165188741 , 0.870027583
0.7384203117 , 0.9902143357
0.6073926383 , 0.9741116008
0.4884272863 , 0.9989124821
0.4925284686 , 0.9200928304
0.4423710073 , 0.8671737047
0.4896236274 , 0.8161013624
0.4812092839 , 0.7486760005
0.4428307272 , 0.7790979784
0.4342085158 , 0.7804498206
0.4185239325 , 0.8082260558
0.3596271823 , 0.7880334294
0.3912198909 , 0.8289290386
0.3909449486 , 0.8322203671
0.3847895336 , 0.9883532268
0.3456759534 , 0.9968076204
0.2716636403 , 0.9259717567
0.2837550148 , 0.8386152926
0.2252088316 , 0.8043513469
0.226217819 , 0.7795821465
0.1991306153 , 0.7373939011
0.199845207 , 0.8665798413
0.1588315112 , 0.8771884208
0.1598037151 , 0.8507192516
0.1027661204 , 0.8619930045
0.1074823528 , 0.9159272923
0.1403946314 , 0.9656687388
0.1222842443 , 0.9699202892
0.1199711497 , 0.9975405983
0.0983524146 , 0.9944930733
0.037971464 , 0.9497292558
0.03120759131 , 0.9475088361
0.04152646849 , 0.7671691229
0.1081854208 , 0.7503502312
0.1426707428 , 0.7425245134
0.1438372629 , 0.7270320108
0.1255812524 , 0.7220859196
0.1289330014 , 0.7016355077
0.1374024754 , 0.6648350971
0.1391626727 , 0.6141112599
0.05567218412 , 0.6823985794
0.05887661132 , 0.6509387142
0.05016378688 , 0.6526445414
0.04424650923 , 0.633586028
0.04288422644 , 0.622709418
0.07676637223 , 0.6025128405
0.07053345212 , 0.526811851
0.04590280403 , 0.513596331
0.01353526023 , 0.4871186714
0.03763499206 , 0.4546173734
0.0002004862764 , 0.4422759467
0.02624205175 , 0.3234042136
0.05148978115 , 0.3551122837
0.1205294473 , 0.3775294462
0.1765740822 , 0.3679419641
0.182776915 , 0.4191962082
0.1678385791 , 0.4371354279
0.1420182842 , 0.4728782882
0.1317341389 , 0.5123304215
0.1576916632 , 0.5121694061
0.2042432629 , 0.5318143775
0.19018537 , 0.6006938771
0.2270052141 , 0.5946789694
0.2386981329 , 0.6135392741
0.3237834789 , 0.5927922221
0.3879783812 , 0.5468100894
0.3372504121 , 0.4778485063
0.3217206999 , 0.4406798479
0.32697 , 0.3846447889
0.2919522614 , 0.3695728473
0.2766328819 , 0.3792957111
0.2327056607 , 0.40038896
0.2159292131 , 0.3679445616
0.238744381 , 0.2358746427
0.1615020736 , 0.2329366138
0.153812029 , 0.2058252027
0.1259187814 , 0.2150841966
0.1118368805 , 0.2312945762
0.1043055058 , 0.2155974778
0.09406520291 , 0.1708335295
0.1100434554 , 0.1540450757
0.06263599967 , 0.1267792225
0.09805016969 , 0.09314526855
0.01087837248 , 0.003510377371
0.1677438962 , 0.009032209874
0.1718795491 , 0.0005910214971
0.2084317222 , 0.03558755109
0.2470275258 , 0.003000426108
0.3730370046 , 0.006777885839
0.3451203268 , 0.1119554807
0.4108449469 , 0.08404002994
0.4249248493 , 0.03846164841
0.4450832151 , 0.02013449092
0.4802194533 , 0.04835213723
0.5059871434 , 0.07292399512
0.5327178079 , 0.08483253703
0.5547361679 , 0.1676767222
0.5768113837 , 0.08460795883
0.5323405739 , 0.04802487327
0.5392064515 , 0.009371819445
0.5703648802 , 0.02798501916
0.6023489598 , 0.003867839465
0.6803718315 , 0.0710231718
0.644109879 , 0.09462483651
0.6789676876 , 0.1225411096
0.7466230908 , 0.1303416817
0.7916260081 , 0.07537783593
0.8210404128 , 0.1054792409
0.944206804 , 0.005964106883
0.935137188 , 0.07384850833
0.9804304531 , 0.118771486
0.9726286619 , 0.1277094773
0.9996352727 , 0.1923658681
0.9239471112 , 0.2527305983
0.8328062183 , 0.1890545628
0.8466709535 , 0.2499520561
0.8337587392 , 0.2540528696
0.7983943321 , 0.305748264
0.846122927 , 0.3169597203
0.9057883406 , 0.288268827
0.9445513999 , 0.299722775
0.9538653008 , 0.3318361893
0.9984502075 , 0.3887517314
0.9316103141 , 0.4258137049
0.9964639172 , 0.4557298266
0.9974002349 , 0.5125204932
0.9987152307 , 0.516426693
0.9510722644 , 0.5425815338
0.9900012538 , 0.5834285326
0.9769540201 , 0.6117511534
0.9295190363 , 0.7330880513
0.9292020201 , 0.799519868
0.9526218562 , 0.8629993018
0.9561556186 , 0.9341759965
0.9013033751 , 0.9831299274
0.9302962827 , 0.9353559119
0.9332983014 , 0.8752884291
0.9319299999 , 0.8508022972
0.9070408823 , 0.8230167356
0.8815503022 , 0.7882515522
0.8583186482 , 0.6560316503
0.8416568711 , 0.5690562821
0.8114492762 , 0.5484294289
0.89367409 , 0.53042162
0.8103524003 , 0.4607832834
